x =  [0, 10000, 20000, 30000, 40000, 50000, 60000, 70000, 80000, 90000, 100000, 110000, 120000, 130000, 140000, 150000, 160000, 170000, 180000, 190000, 200000]
times_iterative =  [0.023606295585632323, 0.16356314182281495, 0.2342326021194458, 0.3491244840621948, 0.48290120124816893, 0.6314512968063355, 0.7944934844970704, 0.8415459036827088, 0.951225197315216, 1.107788097858429, 1.222515630722046, 1.3139601707458497, 1.475318431854248, 1.7150614261627197, 1.8287154197692872, 1.9145443916320801, 2.035285997390747, 2.3833611965179444, 2.3931406021118162, 2.4792813777923586, 2.841734838485718]
times_le =  [7.009506225585937e-07, 0.0023427963256835937, 0.003887777328491211, 0.006094603538513183, 0.007638044357299804, 0.009772145748138427, 0.01400994062423706, 0.014947104454040527, 0.015544605255126954, 0.01775078773498535, 0.019635820388793947, 0.021710014343261717, 0.02406320571899414, 0.026414966583251952, 0.03165402412414551, 0.03231935501098633, 0.034482812881469725, 0.034206199645996097, 0.037825584411621094, 0.04063916206359863, 0.039622020721435544]
times_lp =  [0.023606295585632323, 0.16356314182281495, 0.2342326021194458, 0.3491244840621948, 0.48290120124816893, 0.6314512968063355, 0.7944934844970704, 0.8415459036827088, 0.951225197315216, 1.107788097858429, 1.222515630722046, 1.3139601707458497, 1.475318431854248, 1.7150614261627197, 1.8287154197692872, 1.9145443916320801, 2.035285997390747, 2.3833611965179444, 2.3931406021118162, 2.4792813777923586, 2.841734838485718]