x =  [0, 5000, 10000, 15000, 20000, 25000, 30000, 35000, 40000, 45000, 50000]
times_iterative =  [0.019785902500152587, 0.07373166084289551, 0.15566205978393555, 0.19452511072158812, 0.24230149984359742, 0.2933385968208313, 0.3585745573043823, 0.41089054346084597, 0.46774715185165405, 0.527964198589325, 0.611868953704834]
times_le =  [7.319450378417969e-06, 0.0014580965042114257, 0.0020986557006835937, 0.0047694921493530275, 0.004140388965606689, 0.006471502780914307, 0.007522094249725342, 0.007691347599029541, 0.008468103408813477, 0.009413492679595948, 0.010013008117675781]
times_lp =  [0.019785902500152587, 0.07373166084289551, 0.15566205978393555, 0.19452511072158812, 0.24230149984359742, 0.2933385968208313, 0.3585745573043823, 0.41089054346084597, 0.46774715185165405, 0.527964198589325, 0.611868953704834]