x =  [1, 2, 4, 8, 16, 32, 64, 128, 256, 512, 1024, 2048, 4096, 8192, 16384, 32768, 65536]
times_iterative =  [6.962776184082032e-05, 6.285190582275391e-05, 0.0001351618766784668, 0.00015831947326660155, 0.0002682328224182129, 0.0005234622955322265, 0.005558810234069824, 0.0034881019592285156, 0.0036074280738830566, 0.005994889736175537, 0.016451239585876465, 0.008762598037719727, 0.015624189376831054, 0.012396597862243652, 0.014376604557037353, 0.019154286384582518, 0.03856160640716553]
times_le =  [2.4018287658691405e-05, 2.0728111267089843e-05, 2.4840831756591796e-05, 2.2559165954589845e-05, 2.5799274444580077e-05, 2.919912338256836e-05, 3.822803497314453e-05, 6.50191307067871e-05, 9.130001068115234e-05, 0.00019822120666503906, 0.00034420013427734377, 0.0004761219024658203, 0.0009480953216552734, 0.0013566017150878906, 0.002166450023651123, 0.004174196720123291, 0.008681809902191162]
times_lp =  [0.021933677196502684, 0.021428050994873046, 0.02041003942489624, 0.019763519763946535, 0.021157686710357667, 0.02102627754211426, 0.02097304105758667, 0.021951701641082764, 0.023436567783355712, 0.025900368690490724, 0.030777027606964113, 0.04125618934631348, 0.0628957748413086, 0.10068418979644775, 0.17271825075149536, 0.33288934230804446, 0.8870861053466796]
[[0.021933677196502684, 0.021428050994873046, 0.02041003942489624, 0.019763519763946535, 0.021157686710357667, 0.02102627754211426, 0.02097304105758667, 0.021951701641082764, 0.023436567783355712, 0.025900368690490724, 0.030777027606964113, 0.04125618934631348, 0.0628957748413086, 0.10068418979644775, 0.17271825075149536, 0.33288934230804446, 0.8870861053466796]]