x =  [0, 5000, 10000, 15000, 20000, 25000, 30000, 35000, 40000, 45000, 50000]
times_iterative =  [7.480382919311523e-05, 0.0003581094741821289, 0.0004320454597473145, 0.000772559642791748, 0.0007418155670166016, 0.0011457347869873048, 0.0012571656703948976, 0.0014274752140045167, 0.0016308045387268067, 0.002332800626754761, 0.0032278549671173095]
times_le =  [1.8906593322753906e-06, 0.0006215190887451172, 0.001531670093536377, 0.0023894596099853518, 0.002630014419555664, 0.0033202242851257326, 0.003988744020462036, 0.0043777596950531, 0.005134105682373047, 0.005962271690368653, 0.0062987589836120605]
times_lp =  [0.022753100395202636, 0.07576918482780456, 0.12879964470863342, 0.16316324949264527, 0.20320553898811342, 0.24800469517707824, 0.29637484073638914, 0.3495719051361084, 0.40121924996376035, 0.4506416094303131, 0.4975724792480469]