x =  [0, 100, 200, 300, 400, 500, 600, 700, 800, 900, 1000]
times_iterative =  [6.302118301391601e-05, 0.22739354372024537, 1.012834942340851, 2.3977330565452575, 4.420719790458679, 7.763039779663086, 10.636189794540405, 13.835212421417236, 19.67817978858948, 25.329606008529662, 31.171802616119386]
times_le =  [2.7179718017578123e-07, 4.584789276123047e-05, 5.6409835815429686e-05, 7.294416427612304e-05, 8.770227432250977e-05, 0.0001354217529296875, 0.00014944076538085936, 0.00018663406372070311, 0.00018506050109863282, 0.000185394287109375, 0.000390625]
times_lp =  [0.02149966239929199, 0.024281299114227294, 0.022467601299285888, 0.023103952407836914, 0.0240678071975708, 0.02509922981262207, 0.026700353622436522, 0.03092498779296875, 0.033128213882446286, 0.033304786682128905, 0.033347797393798825]