x =  [0, 200, 400, 600, 800, 1000, 1200, 1400, 1600, 1800, 2000]
times_iterative =  [0.0002475738525390625, 0.30032639503479003, 1.1781693935394286, 2.9478615522384644, 5.138198494911194, 8.745582818984985, 13.275913953781128, 17.634682178497314, 23.57251811027527, 30.650930881500244, 49.12122821807861]
times_le =  [2.574920654296875e-06, 0.0017689704895019532, 0.0077060222625732425, 0.017034173011779785, 0.035616517066955566, 0.06811165809631348, 0.1127328872680664, 0.18755221366882324, 0.2766540050506592, 0.3901040554046631, 0.6113779544830322]
times_lp =  [0.0322606086730957, 0.08082699775695801, 0.34155898094177245, 1.2009680271148682, 2.5320690870285034, 5.865067005157471, 9.939854145050049, 19.16150689125061, 29.337282180786133, 44.133265256881714, 75.6855959892273]