x =  [0, 5000, 10000, 15000, 20000, 25000, 30000, 35000, 40000, 45000, 50000]
times_iterative =  [8.923053741455078e-05, 0.19348058700561524, 0.5115087985992431, 0.8106162071228027, 0.9739327907562256, 1.5832493782043457, 1.4988844394683838, 1.9837806224822998, 2.182105207443237, 3.2609586238861086, 3.7933457851409913]
times_le =  [2.8133392333984374e-07, 0.030074405670166015, 0.2767573356628418, 1.0080957889556885, 2.3270830154418944, 4.207979393005371, 6.3534783840179445, 11.715621042251588, 18.50233597755432, 32.58826041221619, 34.80791220664978]
times_lp =  [0.026062347888946534, 0.08775825500488281, 0.18433260917663574, 0.28426303863525393, 0.3700605869293213, 0.5575857639312745, 0.8467938423156738, 1.051222848892212, 1.3920072078704835, 2.652608633041382, 2.159090185165405]