x =  [0, 1000, 2000, 3000, 4000, 5000]
times_iterative =  [0.00022296905517578126, 8.565044164657593, 35.49983286857605, 92.18052697181702, 189.81616020202637, 306.3841428756714]
times_le =  [4.816055297851562e-06, 0.07717490196228027, 0.5107781887054443, 1.701857089996338, 3.954846143722534, 8.226731061935425]
times_lp =  [0.04515275955200195, 5.85373592376709, 62.53675699234009, 267.3006477355957, 761.7910118103027, 1631.5741529464722]